
     RDKit          2D

 25 26  0  0  0  0  0  0  0  0999 V2000
   -1.3333    0.1583    0.0000 P   0  0  0  0  0  0  0  0  0  0  0  0
   -2.3250    0.1583    0.0000 O   0  0  0  0  0  0  0  0  0  0  0  0
   -1.3208   -0.7542    0.0000 O   0  0  0  0  0  0  0  0  0  0  0  0
   -1.3333    1.0625    0.0000 O   0  0  0  0  0  0  0  0  0  0  0  0
   -0.1708    0.1583    0.0000 O   0  0  0  0  0  0  0  0  0  0  0  0
   -2.8375    1.0125    0.0000 C   0  0  0  0  0  0  0  0  0  0  0  0
   -0.4583   -1.2542    0.0000 C   0  0  0  0  0  0  0  0  0  0  0  0
    0.3167    1.0208    0.0000 C   0  0  0  0  0  0  0  0  0  0  0  0
    1.3125    1.0125    0.0000 C   0  0  0  0  0  0  0  0  0  0  0  0
   -3.8500    1.0125    0.0000 C   0  0  0  0  0  0  0  0  0  0  0  0
    0.3917   -0.7417    0.0000 C   0  0  0  0  0  0  0  0  0  0  0  0
   -0.4583   -2.2792    0.0000 C   0  0  0  0  0  0  0  0  0  0  0  0
   -2.3375    1.8958    0.0000 C   0  0  0  0  0  0  0  0  0  0  0  0
    1.7792    1.9083    0.0000 C   0  0  0  0  0  0  0  0  0  0  0  0
    1.8167    0.2208    0.0000 C   0  0  0  0  0  0  0  0  0  0  0  0
    3.3542   -0.6042    0.0000 C   0  0  0  0  0  0  0  0  0  0  0  0
    2.8000    0.2333    0.0000 C   0  0  0  0  0  0  0  0  0  0  0  0
    2.7667    1.9000    0.0000 C   0  0  0  0  0  0  0  0  0  0  0  0
    4.3417   -0.6000    0.0000 C   0  0  0  0  0  0  0  0  0  0  0  0
    1.2542   -1.2500    0.0000 C   0  0  0  0  0  0  0  0  0  0  0  0
    0.4375   -2.7542    0.0000 C   0  0  0  0  0  0  0  0  0  0  0  0
   -2.8333    2.7708    0.0000 C   0  0  0  0  0  0  0  0  0  0  0  0
   -4.3458    1.8958    0.0000 C   0  0  0  0  0  0  0  0  0  0  0  0
   -3.8458    2.7583    0.0000 C   0  0  0  0  0  0  0  0  0  0  0  0
    1.2625   -2.2292    0.0000 C   0  0  0  0  0  0  0  0  0  0  0  0
  2  1  1  0
  3  1  1  0
  4  1  2  0
  5  1  1  0
  6  2  1  0
  7  3  1  0
  8  5  1  0
  9  8  1  0
 10  6  2  0
 11  7  1  0
 12  7  2  0
 13  6  1  0
 14  9  1  0
 15  9  1  0
 16 17  1  0
 17 15  1  0
 18 14  1  0
 19 16  1  0
 20 11  2  0
 21 12  1  0
 22 13  2  0
 23 10  1  0
 24 22  1  0
 25 21  2  0
 20 25  1  0
 23 24  2  0
M  END
> <chembl_id>
CHEMBL2105213

> <chembl_pref_name>
OCTICIZER
