
     RDKit          2D

 19 21  0  0  0  0  0  0  0  0999 V2000
    1.3451   -0.6405    0.0000 C   0  0  0  0  0  0  0  0  0  0  0  0
   -0.0881   -0.6405    0.0000 C   0  0  0  0  0  0  0  0  0  0  0  0
    0.6032   -0.2269    0.0000 C   0  0  0  0  0  0  0  0  0  0  0  0
    2.0604   -0.2269    0.0000 C   0  0  0  0  0  0  0  0  0  0  0  0
   -0.8300   -0.2029    0.0000 C   0  0  0  0  0  0  0  0  0  0  0  0
   -1.5453   -0.6165    0.0000 C   0  0  0  0  0  0  0  0  0  0  0  0
   -2.3272   -0.3790    0.0000 S   0  0  0  0  0  0  0  0  0  0  0  0
    0.6032    0.5978    0.0000 O   0  0  0  0  0  0  0  0  0  0  0  0
   -2.7836   -1.0275    0.0000 C   0  0  0  0  0  0  0  0  0  0  0  0
   -1.5453   -1.4439    0.0000 C   0  0  0  0  0  0  0  0  0  0  0  0
   -2.3272   -1.7001    0.0000 C   0  0  0  0  0  0  0  0  0  0  0  0
   -0.0881   -1.4652    0.0000 C   0  0  0  0  0  0  0  0  0  0  0  0
    1.3451   -1.4652    0.0000 C   0  0  0  0  0  0  0  0  0  0  0  0
    0.6032   -1.8976    0.0000 C   0  0  0  0  0  0  0  0  0  0  0  0
    2.7750   -0.6391    0.0000 C   0  0  0  0  0  0  0  0  0  0  0  0
    2.8616   -1.4596    0.0000 S   0  0  0  0  0  0  0  0  0  0  0  0
    3.6685   -1.6308    0.0000 C   0  0  0  0  0  0  0  0  0  0  0  0
    4.0808   -0.9162    0.0000 C   0  0  0  0  0  0  0  0  0  0  0  0
    3.5286   -0.3033    0.0000 C   0  0  0  0  0  0  0  0  0  0  0  0
  2  3  1  0
  3  1  1  0
  4  1  2  0
  5  2  2  0
  6  5  1  0
  7  6  1  0
  8  3  2  0
  9  7  1  0
 10  6  2  0
 11 10  1  0
 12 14  1  0
 13  1  1  0
 14 13  1  0
  2 12  1  0
 11  9  2  0
  4 15  1  0
 15 16  1  0
 15 19  2  0
 16 17  1  0
 17 18  2  0
 18 19  1  0
M  END
> <chembl_id>
CHEMBL476632

> <chembl_pref_name>
TENYLIDONE
