
     RDKit          2D

 11 12  0  0  0  0  0  0  0  0999 V2000
    2.3042   -0.0917    0.0000 C   0  0  0  0  0  0  0  0  0  0  0  0
    1.4542   -1.2417    0.0000 S   0  0  0  0  0  0  0  0  0  0  0  0
    1.4542    1.0458    0.0000 O   0  0  0  0  0  0  0  0  0  0  0  0
    0.0917    0.6000    0.0000 C   0  0  0  0  0  0  0  0  0  0  0  0
    0.0917   -0.8167    0.0000 C   0  0  0  0  0  0  0  0  0  0  0  0
   -1.1458    1.3208    0.0000 C   0  0  0  0  0  0  0  0  0  0  0  0
    3.7292   -0.0917    0.0000 O   0  0  0  0  0  0  0  0  0  0  0  0
   -1.1458   -1.5375    0.0000 C   0  0  0  0  0  0  0  0  0  0  0  0
   -2.3958    0.6375    0.0000 C   0  0  0  0  0  0  0  0  0  0  0  0
   -2.3958   -0.8167    0.0000 C   0  0  0  0  0  0  0  0  0  0  0  0
   -3.6208    1.3750    0.0000 O   0  0  0  0  0  0  0  0  0  0  0  0
  2  1  1  0
  3  1  1  0
  4  3  1  0
  5  2  1  0
  6  4  1  0
  7  1  2  0
  8  5  1  0
  9  6  2  0
 10  8  2  0
 11  9  1  0
  5  4  2  0
 10  9  1  0
M  END
> <chembl_id>
CHEMBL442687

> <chembl_pref_name>
TIOXOLONE
